7
19
31
43
55
67
79
91
103
115
127
139
151
163
175
187
199
211
223
235
247
259
271
283
295
307
319
331
343
355
367
379
391
403
415
427
439
451
463
475
487
499
511
523
535
547
559
571
583
595
607
619
631
643
655
667
679
691
703
715
727
739
751
763
775
787
799
811
823
835
847
859
871
883
895
907
919
931
943
955
967
979
991
1003
1015
1027
1039
1051
1063
1075
1087
1099
1111
1123
1135
1147
1159
1171
1183
1195
1207
1219
1231
1243
1255
1267
1279
1291
1303
1315
1327
1339
1351
1363
1375
1387
1399
1411
1423
1435
1447
1459
1471
1483
1495
1507
1519
1531
1543
1555
1567
1579
1591
1603
1615
1627
1639
1651
1663
1675
1687
1699
1711
1723
1735
1747
1759
1771
1783
1795
1807
1819
1831
1843
1855
1867
1879
1891
1903
1915
1927
1939
1951
1963
1975
1987
1999
2011
2023
2035
2047
2059
2071
2083
2095
2107
2119
2131
2143
2155
2167
2179
2191
2203
2215
2227
2239
2251
2263
2275
2287
2299
2311
2323
2335
2347
2359
2371
2383
2395
2407
2419
2431
2443
2455
2467
2479
2491
2503
2515
2527
2539
2551
2563
2575
2587
2599
2611
2623
2635
2647
2659
2671
2683
2695
2707
2719
2731
2743
2755
2767
2779
2791
2803
2815
2827
2839
2851
2863
2875
2887
2899
2911
2923
2935
2947
2959
2971
2983
2995
3007
3019
3031
3043
3055
3067
3079
3091
3103
3115
3127
3139
3151
3163
3175
3187
3199
3211
3223
3235
3247
3259
3271
3283
3295
3307
3319
3331
3343
3355
3367
3379
3391
3403
3415
3427
3439
3451
3463
3475
3487
3499
3511
3523
3535
3547
3559
3571
3583
3595
3607
3619
3631
3643
3655
3667
3679
3691
3703
3715
3727
3739
3751
3763
3775
3787
3799
3811
3823
3835
3847
3859
3871
3883
3895
3907
3919
3931
3943
3955
3967
3979
3991
4003
4015
4027
4039
4051
4063
4075
4087
4099
4111
4123
4135
4147
4159
4171
4183
4195
4207
4219
4231
4243
4255
4267
4279
4291
4303
4315
4327
4339
4351
4363
4375
4387
4399
4411
4423
4435
4447
4459
4471
4483
4495
4507
4519
4531
4543
4555
4567
4579
4591
4603
4615
4627
4639
4651
4663
4675
4687
4699
4711
4723
4735
4747
4759
4771
4783
4795
4807
4819
4831
4843
4855
4867
4879
4891
4903
4915
4927
4939
4951
4963
4975
4987
4999
5011
5023
5035
5047
5059
5071
5083
5095
5107
5119
5131
5143
5155
5167
5179
5191
5203
5215
5227
5239
5251
5263
5275
5287
5299
5311
5323
5335
5347
5359
5371
5383
5395
5407
5419
5431
5443
5455
5467
5479
5491
5503
5515
5527
5539
5551
5563
5575
5587
5599
5611
5623
5635
5647
5659
5671
5683
5695
5707
5719
5731
5743
5755
5767
5779
5791
5803
5815
5827
5839
5851
5863
5875
5887
5899
5911
5923
5935
5947
5959
5971
5983
5995
6007
6019
6031
6043
6055
6067
6079
6091
6103
6115
6127
6139
6151
6163
6175
6187
6199
6211
6223
6235
6247
6259
6271
6283
6295
6307
6319
6331
6343
6355
6367
6379
6391
6403
6415
6427
6439
6451
6463
6475
6487
6499
6511
6523
6535
6547
6559
6571
6583
6595
6607
6619
6631
6643
6655
6667
6679
6691
6703
6715
6727
6739
6751
6763
6775
6787
6799
6811
6823
6835
6847
6859
6871
6883
6895
6907
6919
6931
6943
6955
6967
6979
6991
7003
7015
7027
7039
7051
7063
7075
7087
7099
7111
7123
7135
7147
7159
7171
7183
7195
7207
7219
7231
7243
7255
7267
7279
7291
7303
7315
7327
7339
7351
7363
7375
7387
7399
7411
7423
7435
7447
7459
7471
7483
7495
7507
7519
7531
7543
7555
7567
7579
7591
7603
7615
7627
7639
7651
7663
7675
7687
7699
7711
7723
7735
7747
7759
7771
7783
7795
7807
7819
7831
7843
7855
7867
7879
7891
7903
7915
7927
7939
7951
7963
7975
7987
7999
8011
8023
8035
8047
8059
8071
8083
8095
8107
8119
8131
8143
8155
8167
8179
8191
8203
8215
8227
8239
8251
8263
8275
8287
8299
8311
8323
8335
8347
8359
8371
8383
8395
8407
8419
8431
8443
8455
8467
8479
8491
8503
8515
8527
8539
8551
8563
8575
8587
8599
8611
8623
8635
8647
8659
8671
8683
8695
8707
8719
8731
8743
8755
8767
8779
8791
8803
8815
8827
8839
8851
8863
8875
8887
8899
8911
8923
8935
8947
8959
8971
8983
8995
9007
9019
9031
9043
9055
9067
9079
9091
9103
9115
9127
9139
9151
9163
9175
9187
9199
9211
9223
9235
9247
9259
9271
9283
9295
9307
9319
9331
9343
9355
9367
9379
9391
9403
9415
9427
9439
9451
9463
9475
9487
9499
9511
9523
9535
9547
9559
9571
9583
9595
9607
9619
9631
9643
9655
9667
9679
9691
9703
9715
9727
9739
9751
9763
9775
9787
9799
9811
9823
9835
9847
9859
9871
9883
9895
9907
9919
9931
9943
9955
9967
9979
9991
10003
10015
10027
10039
10051
10063
10075
10087
10099
10111
10123
10135
10147
10159
10171
10183
10195
10207
10219
10231
10243
10255
10267
10279
10291
10303
10315
10327
10339
10351
10363
10375
10387
10399
10411
10423
10435
10447
10459
10471
10483
10495
10507
10519
10531
10543
10555
10567
10579
10591
10603
10615
10627
10639
10651
10663
10675
10687
10699
10711
10723
10735
10747
10759
10771
10783
10795
10807
10819
10831
10843
10855
10867
10879
10891
10903
10915
10927
10939
10951
10963
10975
10987
10999
11011
11023
11035
11047
11059
11071
11083
11095
11107
11119
11131
11143
11155
11167
11179
11191
11203
11215
11227
11239
11251
11263
11275
11287
11299
11311
11323
11335
11347
11359
11371
11383
11395
11407
11419
11431
11443
11455
11467
11479
11491
11503
11515
11527
11539
11551
11563
11575
11587
11599
11611
11623
11635
11647
11659
11671
11683
11695
11707
11719
11731
11743
11755
11767
11779
11791
11803
11815
11827
11839
11851
11863
11875
11887
11899
11911
11923
11935
11947
11959
11971
11983
11995
