1907970075244390738074680429695291736693569947499401773947418826735289797870050537063680498355149002
4430349595495070972576218631122414882881192021690454220696074466616936422119528953843684539025016866
3932838805192055137154390912666527533007309292687539092257043362517857366624699975402375462954490293
2592333031373306435315565397399219262014386064390200751747230290568382725050515719675946083500634044
9597766065626902082396082556701234418990892795664601199805798854863010763738099351982658238978188813
5705408653045219655801758081251164080554609057468028203308718724654081055323215860189611391296030471
1084431467456719677663089258585472715073115637651710083182486471100976148903135628565417841548817431
4603390960273794738505535596033185561454090008145637865906837031726769698000118775099549109035010841
7050917991562167972281070161305972518044872048331306383715094854938415738549894606070722584737978176
6864221343545269894430283536440371873753853978382595118331664161343236956603676768977222879187734209
6898232608902615003151542416546211133752743115489066632737492144627683356451977679763387550354866509
3914556482031482248883127023777039667707976559857333357013727342079099064400455741830654320379350833
236245819348824064783585692924881021978332974949906122664421376034687815350484991