4486791661190433347949514103615917787272090237293886130103648044751278560915805363716201839592018310
8689149613973035533621134551674715287880007134345347194681025732056939825423723521750452980127215084
2995272668757068920072627984688251856815321429857206372902993137263444632574164493445098351024588167
8901639494589369670516850243618023225955167260329538918636443704568135069759086219804711890122535260
9650331560624641680529360950276322519541199378781611887950368067065467094570602703933944508795918017
9736113267982743384039648254487452704343932588659353118262702812913017675373620735604717067960180869
8618819230547730826314303368930940240111602318421873986179317338167429362403908014644653316789314240
3441626243986354829868152963856856097613981370008545290902178852760181267516916666189196652889272405
4575480157275832239363896906239482686297384065953425368817706211940988842990422225102051989074276512
6959086648902084933159318354473037843867361990544107561966536209408770041758347220423933576177126061
5063239687136058218014855376128809648109025328444692060981149171853122623214490315199270347679840250
6504466243611586327126073718204410761290405760761564139819664433841749359455575892695505513844442496
4173858932643106235024425974988849542756111313812537354674957108921297705553410530631766803652545011
5619994704703080975001831039096328170193148671686659220369588362291591980963840251182084839045643052
5809458761986972542352947185837167881659762285573752842609723773462446853236203269278121288691228046
4491770794318638447605771181055822865312057280180993825070231178932014297921317506874659852534317769
4757992501015403459055756096150131796369342571712916973547166474698856592132612717244249685861542410
5976103547295501253805844971090564639919264483572232090088277647132202284397757572307555166586140282
9296094752270945675119975226842438308419031676997582896940816151292973116618877463197394261300350532
8030528435929861943028814647224393409604332129915709479716480001751152901047730022099226496393622633
3454050093611469551563389634481137856461309799339035379297516197686695505630024237061612366915362995
7730544211605591046268240572830493302269563487603354791811717670443165137272975361148520795728309760
7765933169252913861287726833830000755907168496373643201886627226059186824987046158950280121480310106
2208217608651205629204397566580811536177263527091318013871586725598473961011785486552173088901587886
0932432642791917812170832604266985767528270960967792953278073806000170555741123856494597287359211013
1239116174462947424279402757853073650206058072089139080813381552120237889176959032725532187981806390
1889766119669233837800805895711803041279537634268724588940031764407334481307843207608582503577201636
9730815188469726917304803914235111646000934113546568255979545140706575716471268289268434039992799684
1540378943787439234382545562253973300003977291497945580368468642313784723553952911754115108385290054
8655637845231613259111843384039750925611825414884470597441712363488652928979195070962474324857427580
9670985213255324368708800263663735688364720928138446646834866147353947767611471395239057428387113864
3608927689646270265436227072361361556969326026972555137795806131512078396392381117163021488319719122
9539672418496500356865168976365328298294135594382710789096480125468181558306706497310259245610520795
1836551169131591035954957809854202185085886019569497663035136607427812945110179293764408550439527558
9852388064138602439346909569031381270272833205694814223411334423565977453887542395353485301546284835
3277020068736893276116304379664911400779518401549725902434165123805876099001114708257673106769394419
4282683442761299775689234066920340874365922446663372321259665041724973082521511830357701127276858129
3371366148392778532335573122542905472394542069919985611732624482347646980930805586007081976261003097
9631988128828737826213774639266687864982049224478021366073985525267662272051243100080566329193635531
9496671705670944669080905362502065721841983654762461859537535203901870544906295903703892528455667511
6361168237279922207920794703117075921951295707710873733317931433110923531405719416365240907518118794
0967754623244234342503717114209475535715559084657925806450898706151118659335538090035527069944997487
0691789988908289122501625775345322970590639748309683645967764075070105112764913681551144502167756841
4826304009394300853762240103073543616073297109679097852591173721376034038403903797326084264850909622
9242651418406848837986951238985306017136279179345812060835283733693719528557879863681940899091530377
6031168373058432938426749218951088422975390390680898899352325943760690194403983882331522548871187135
5530334671879703287493612171018890720047791219983006575690550227543246901734749051876793980240930546
4476555154058606155661823395685005260806853580569160788772184415359287162675604181325951025175229289
8135383307406724693311157087329533181550172577124138369860510580228676892486138274165227117953806462
5778814288737402101220075694269814240934893379113612806306410045157701609671517543787442511524203121
2930232605983756101369322879244684735696268932928639595066115591815142002936254786349652301876009932
0486073674792105601435965219660698932532075508235690163066924068868550517444551573915101718569640158
2807173431580481627122423292641208991071222953038343766541925054971737959169869292375645057151727543
4701062065311357351541361151443000158730804485703555961373213800627488813320314721428230249495100224
0937017771299423528970279049025582694144177432161877257645529825061998835495561476320079381172899720
4477597638052792510878225745663494703701392574625552528908681553926116252158243953964293657171414581
3418235473464680742897726459461048411808013336215121505986255941954016019333689732920909454359533018
7520282832284813866387182253051679058714445133917941120332813488432789225262118290180024463097960987
6813374281202935998128401633959108387881070976339195584757402099414224321539543476019604874975720230
1277031727328614477186919610989759423327526331670635129601127001540752093821555516955032826893294297
8934650317635100752860984174373608404240809401585091096461848280564964026939416500676021037081798285
0495571836159005709917919149733735278914364020463842602726375487527643414975692020200079346255666615
1665152582919393134339122226146212420141533650372868336629211862904235477896637837854678930126380410
8214378548739886648799234117994850433866778125594541347246524623119488140131607162842728171304224786
9185631200192333698966933544361629391311041730956501694662754558875644345191269279600693551809271956
450264294092857410828353511882751