2855425422282796139015635661021640083261642386447028891992474566022844003906006538759545715055398432
3975451391589615029787839937705607143516974722110798879119820098847753133921428277201605900990458668
6254989084815735422480409022344297588352526004383890632616124076317387416881148592486188361873904175
7831456960169195743907655982801885990355784485910776836771755204340742877265780062667596159707595213
2782855566278167838569158184443644481251156242813674249045936321281018027609608811140100337757036354
5725120924073646921576797146199387619296560302680261790118132925012323046444438622308877924609373773
0124816816724244936744744885377701557830068808526481615130671448147902883666640622572746652757871273
7464923109637500117090189078626332461957879573142569380507305611967758033808433338198750090296883193
5913095269821311141322393356490178488728982288156282600813831296143663845945431144043753821542871277
7456064478585641592133284435802064227146949130917627164470416896780700967735904298089096167504529272
5800084350034483162829708990272864998199438764723457427626372969484830475091717418618113068851879274
8622612293341368928056634384466646326572476167275660839105650528975713899320211121495795311427946254
5533053870678210676017687509778661004600146021384084480212250536890547937420030957220967329547507217
18115531871310231057902608580607